3 36 30 26 
0.986668  1.74437  0.850648  0.0428144  2.08984  -1.39716  -1.37205  0.0719106  -0.482104  2.48462  1.46115  0.0818755  0.553578  -0.560196  -0.891607  0.252871  -1.83728  -0.304363  0.848377  1.37726  -0.480472  -0.771673  -1.38062  0.955122  -3.88912  -0.915759  0.141408  0.839118  1.67026  -0.984879  
-0.468166  -0.418652  -1.04645  -0.471155  2.41771  -0.119983  -0.99745  -1.63606  1.45084  0.260573  0.960748  0.620473  -1.19326  -0.894708  -1.16264  0.6361  -1.29749  -1.46356  -0.727901  -2.01867  -0.92878  0.956254  1.85584  -0.256929  -0.890905  0.944086  -0.497656  -0.998098  1.68784  0.288991  
0.019386  -0.581653  -0.91895  -0.596198  2.04608  0.416295  0.946216  -1.1579  0.455717  -0.54135  0.407845  0.766984  -1.668  -0.866015  -1.97193  0.684772  -0.743429  -0.0462411  -2.24049  -2.96246  -0.284203  -0.459512  3.6044  -0.186697  -1.09715  2.22654  -0.187673  -1.62802  0.297126  -0.168361  
0.723264  -1.28535  -1.71002  -1.07517  2.55288  -1.17664  1.27476  -0.839878  0.945291  0.00254957  0.707348  0.577872  -1.63377  0.228083  0.0524815  1.77289  0.136208  -0.826454  -1.82683  -2.9592  -0.562739  0.777864  2.21489  -1.33432  0.435947  1.61383  -1.1269  -1.27643  0.496669  -0.563519  
-0.723717  0.533102  0.713359  0.398632  1.63849  0.137993  0.625095  -1.87556  -0.510613  -0.598693  -0.331774  -0.771717  -1.21821  -0.296206  -1.26608  -0.0384295  2.09875  -0.194356  -2.23034  -0.816413  2.04529  -0.0807065  0.512477  -0.781858  -1.15549  0.429065  -0.0455322  -1.08991  0.977975  0.0714335  
0.506055  0.578989  3.89599  -0.40899  -0.156649  0.895605  -0.88985  -0.936481  0.155406  0.631011  -2.02384  -1.09788  1.69822  -2.1847  -0.49207  -0.764258  1.50122  1.11507  -1.02079  1.59292  1.10358  -0.259644  -1.39267  0.721774  -2.30353  -1.37073  -0.343759  3.39445  -0.674649  -2.19405  
0.463959  0.300788  0.198599  -0.654853  -0.29156  1.35548  -2.18025  -0.852881  -1.41758  2.12153  -1.01471  -0.459825  0.657852  -0.557605  -0.175681  -3.02787  -1.05025  0.0592008  -0.229186  0.190845  0.711938  -0.665097  1.70516  -0.0631265  1.54098  0.129361  0.168701  1.54419  1.49769  0.769552  
-0.781466  -1.60599  2.17237  -0.459749  0.696204  1.67382  -2.80269  -1.86537  -1.01452  0.767179  -2.31138  -1.36933  0.761087  -0.414893  -1.26786  -0.558197  0.404034  -2.223  1.17501  -1.15415  0.604588  0.873787  -0.382629  2.00049  0.374852  0.91407  0.35807  1.43786  0.187738  -0.719912  
-0.329342  0.232338  1.21718  -0.158917  0.80444  0.390214  -1.38783  -1.24744  1.16142  -1.88944  -1.50968  0.264385  -0.713983  1.73418  0.277115  0.847434  0.336248  -0.921531  0.30872  -0.0753602  1.39149  1.02452  0.337203  1.94067  0.967348  -1.81455  2.33089  0.646913  -0.042996  -1.02042  
-0.613121  -0.483595  1.17262  0.903789  1.90988  -0.471032  -2.19799  -0.532768  2.22709  -2.71263  0.0177149  -0.000353508  0.0415751  -0.502131  1.37377  1.1683  -1.15634  0.572649  -0.0305505  -0.213601  -0.382367  0.982559  2.33161  2.13493  -0.958812  -0.113749  2.09416  -0.671063  -2.12702  0.00171138  
-0.575203  -1.79765  0.893878  -2.75181  1.62159  -0.115596  -1.27883  0.331229  0.625633  -0.992594  0.600094  0.0596642  2.31427  -0.589437  0.768028  0.826234  -2.23223  -1.36694  -0.424849  0.399228  -2.78546  0.931119  -0.182765  1.1507  -1.15556  2.0975  0.599175  0.801329  -0.6705  0.649229  
0.237649  0.650896  -1.57615  -2.3262  3.04732  0.903681  -0.896961  0.269278  0.0521149  0.75221  0.600817  -0.224138  1.7631  -0.32483  0.466019  -0.687248  -0.348452  1.06121  1.22013  2.45428  -1.43372  0.307046  -1.17668  -1.41506  -0.689765  1.18372  0.442746  -1.43781  1.22397  2.6797  
-0.806957  -0.895667  -0.0249134  0.492743  -0.198004  0.714732  1.01359  1.21773  -0.180661  -0.0267925  0.189325  -1.00486  -0.436469  -0.0206606  -0.124243  -3.16628  1.38303  0.876795  -0.307389  -1.87967  1.59199  -0.612935  0.136559  0.845829  -1.24036  -1.35311  0.821025  0.48085  1.27014  -2.89366  
-0.0799687  -0.0270983  -0.642715  2.733  0.354369  0.99352  1.83831  -0.477042  -0.715369  0.559233  2.26667  -2.69571  -0.230217  -3.10809  0.715156  -0.172425  1.54989  -1.71577  -0.635874  -1.8616  1.29391  0.571633  -1.44659  1.21854  0.682906  -0.304489  -1.70187  -0.143955  0.108121  -2.05942  
0.559016  1.70574  0.378268  1.50957  -1.72349  0.910017  1.09201  -0.24572  -0.497956  0.638716  -0.199319  -2.55707  1.42779  -1.96868  1.85214  -0.969373  1.84832  -1.20501  0.917975  -0.314701  3.23908  0.938314  -1.21621  -0.281102  -0.52335  -1.10519  -2.25024  0.459716  -0.926606  0.662242  
-0.722996  -0.195445  1.53524  0.522976  0.601196  -0.0144795  2.39913  0.782889  -1.43229  1.09939  0.398269  -1.26739  0.156972  -1.69863  1.37693  1.21958  1.08617  -0.449774  -0.485678  -0.238025  0.0289828  -0.704128  -1.4949  -1.25266  -1.34269  0.542646  -1.41665  -0.327716  -0.443511  -0.0660312  
-0.241683  0.149823  0.2023  -0.153468  1.07857  1.07538  2.17719  -0.791739  0.83614  1.03648  1.12571  1.25712  1.84828  -0.952771  1.98492  0.918117  0.359122  -0.586452  0.834964  -0.350966  -2.88305  0.805604  -1.8371  0.247721  -1.35501  0.403089  -1.26064  -0.921071  0.209095  1.57187  
-0.12608  0.250374  -0.578987  -1.05372  0.817338  -0.993355  -0.346322  -0.489277  2.60015  0.253158  0.0512329  0.968597  2.32672  2.83477  2.35465  -0.350644  0.121371  -0.553428  1.50509  1.56408  -4.10602  0.7722  0.532335  1.04595  1.0065  -2.23928  1.23161  -3.17477  1.01908  1.14676  
-0.372054  0.730374  0.733129  0.386264  -1.43991  -1.27728  0.781719  2.02713  1.18009  2.07311  -1.24355  2.27118  -0.912894  0.0758234  0.890488  -2.89726  -0.780911  2.22172  -1.25554  0.532816  0.195958  -0.0685882  -0.978493  0.115014  -0.706342  -2.82567  1.48334  -0.417695  0.592003  -1.83056  
0.645424  -0.507227  -1.3905  0.117717  0.487442  0.00490756  2.65249  -0.819495  1.66996  1.24752  0.529809  2.62182  -1.23639  0.220469  2.51656  -0.335553  0.129517  1.18208  -0.163232  0.0857622  -1.94602  -0.259321  -1.15656  -0.0834791  -0.140398  -3.62749  -0.546804  -0.257739  0.0932441  -0.361973  
-0.878601  -0.156075  1.67188  -1.41713  -1.6763  -0.150577  1.67941  0.35613  -0.26071  0.0892621  -0.919474  -1.00727  -0.728707  -0.627488  -0.970613  1.40848  -0.668967  -1.08369  0.119662  1.53729  2.45184  0.0225283  -2.06386  0.0147581  -0.497591  -0.990032  -1.87426  1.91027  -1.67066  2.05452  
0.789542  -1.4435  0.929985  0.834625  -1.24691  1.00269  1.8434  1.80075  -3.55333  -0.065529  0.275172  -0.108966  -2.4375  -0.308573  -1.49195  1.55141  -0.291403  -0.727222  -0.783989  1.57454  2.28497  0.936396  -1.22538  -0.116844  -1.56773  -0.276139  -1.30407  0.72902  -0.890243  1.53522  
-0.361429  -1.64812  -0.776398  0.391823  -1.17666  0.0268604  1.82913  -1.08322  -3.03852  -3.20462  1.75572  0.785045  -2.604  1.21831  3.19509  -0.643572  0.832623  -0.265692  -0.222696  -0.829371  0.0609179  -0.126574  1.03679  -0.43723  1.21925  -0.0265908  1.9061  -1.73842  -0.93092  -0.941905  
-0.11959  -0.586708  0.508858  0.17711  -1.62563  2.4667  0.22705  1.41537  -0.55566  -1.38543  1.24887  0.93032  0.28493  -0.614879  1.30486  -1.61101  1.1351  -1.84804  0.922392  -0.536019  -1.3047  -0.439561  -0.436416  -0.0915866  2.56119  -0.241327  1.6705  -1.28105  1.08906  1.22175  
1.1105  -0.100498  0.750738  0.897426  0.728185  -2.90176  -0.0298059  1.09578  -0.936432  -0.554656  -1.50577  -0.181943  -0.512674  -0.54545  1.16279  -0.358338  1.40593  0.518769  -2.19847  1.78662  0.275123  0.999249  -0.618603  1.67131  -1.63793  2.11905  0.780778  -1.81556  -1.07494  -1.07786  
0.0689393  0.481299  0.835789  0.663821  -0.0803297  -1.69649  1.01825  -0.56799  1.1073  0.861812  -2.23306  2.31231  1.41419  0.871196  -2.10916  1.04245  -0.543926  0.900341  1.41655  0.525914  -1.41475  0.527751  -1.25887  -1.7927  2.2667  1.41892  1.24573  -0.16784  -1.90341  -0.0875651  
-0.198685  -0.105547  -1.84595  -1.27852  1.02237  0.0377481  -0.578687  0.296038  1.61163  1.05794  -2.06318  0.542377  0.43872  -0.0107545  -1.33901  0.37009  -0.708369  0.540946  0.670181  1.61279  -0.142655  0.551176  0.651258  -1.48565  0.599739  -2.85009  0.649656  2.40904  -0.408575  -0.0318624  
0.853222  1.87304  -3.2909  -1.24538  1.24143  -0.21479  -1.35205  0.379437  2.81646  -1.27623  -0.0704725  0.730488  0.969047  1.02911  -1.90564  -1.38838  -1.13256  1.07013  0.700072  2.21812  -0.501601  0.146442  2.86952  -1.96118  -0.207496  -3.07465  0.232245  2.13045  0.346124  1.87482  
0.0793266  0.126412  -1.99081  2.07189  -0.499283  -1.84624  0.0535101  2.63785  1.48513  -1.78692  -0.174421  -2.59681  2.16782  1.60187  -2.24317  -0.973905  -0.474543  0.699602  -0.633269  -0.703503  -0.74474  0.517578  2.80592  -2.44094  -0.525195  2.36755  0.247123  -2.86881  -0.753258  0.111772  
-0.136958  0.00163214  -0.958365  0.507242  -0.250864  1.19017  -1.02501  4.11414  -0.590306  -3.52155  0.185319  -2.2778  0.358917  -2.57931  0.163351  -0.813224  0.394151  -0.785044  0.425983  -1.87325  -1.47435  -0.0588454  2.70373  -0.17484  0.786664  2.86104  0.545512  -1.70684  -0.2336  -0.0561201  
0.580642  -0.917611  -1.94421  1.59247  0.252714  -1.02687  -0.516648  0.955065  -1.27416  2.37953  1.17619  0.814294  -2.96657  1.56047  0.346376  1.64828  -0.583059  -0.0114884  0.803984  1.22561  -2.71294  0.776093  -2.27538  1.93045  0.510466  0.0791267  0.385479  -0.460454  -1.34212  1.7409  
-0.80228  -0.535972  0.0897756  -0.901501  -1.95646  -1.28469  1.27788  0.350408  -0.536708  0.0148265  1.61538  1.83511  -0.942993  0.628813  -2.2037  0.258674  -0.93096  1.28895  1.41397  0.0611962  0.0201038  0.528628  -3.17733  -0.82215  1.08787  2.10651  0.335508  -1.41314  -1.70997  0.537949  
-0.0361131  1.55737  -0.123733  -1.12878  -1.42838  0.832331  -0.169519  -2.54405  -1.74271  -0.331397  1.34924  0.752416  0.557026  0.80405  1.37967  0.241195  0.98775  0.483181  1.25378  0.120244  2.02057  -0.211376  -1.52146  0.789317  1.26632  2.74755  -1.70389  0.0723941  1.49297  -2.26622  
-0.345884  0.659622  1.4481  -1.043  -0.540447  -0.706405  -1.96999  -2.01741  -0.880903  -0.52172  0.0920763  1.22924  0.674985  0.93523  0.695056  1.68709  0.911988  0.964501  0.279215  -0.530827  3.05354  -0.733268  -1.82867  0.442801  1.9123  2.06775  -1.9829  1.0104  1.7611  -1.04449  
-1.02446  0.434058  -0.741064  0.829716  -4.28755  -0.651971  -0.162664  0.788054  -1.68126  0.353168  -0.270457  -1.04881  -0.155633  2.02511  -1.62214  0.776909  -1.42098  0.851496  0.967453  -0.405502  3.00137  0.251248  -0.493523  -0.637741  2.03912  0.729581  -1.24985  0.670078  0.365209  -0.249173  
0.268788  0.697204  -1.85456  2.99624  -4.66798  0.791914  -0.621163  1.90768  -0.674921  1.25475  -1.59166  -1.797  -0.927337  1.69575  -0.280187  -0.25211  -1.00428  2.54924  -1.96669  -0.75406  -0.441644  0.613291  1.64384  -1.15726  0.0755931  -1.42117  -1.84218  0.512967  0.601041  0.370143  

0.640891  -0.324334  -0.453348  0.259708  0.454925  0.404493  -0.409518  0.94561  -0.234362  -0.124924  -1.0842  -0.548411  0.736613  -0.00641249  1.51347  0.0185974  0.0982724  0.636979  0.666756  -0.0631486  -0.617253  -0.802609  0.940986  0.54349  0.761849  0.735246  
0.427298  -0.0342721  -1.83  -0.537665  -1.42304  0.00684335  -0.0152587  -0.331723  -0.420354  -0.760456  -1.31481  -0.679252  -0.584948  -1.44851  0.394727  2.02942  0.754398  0.18003  0.88448  0.062115  -0.903451  -1.56306  -0.973077  0.0293478  -0.604012  -0.239853  
-1.27612  -1.33852  -1.14666  1.09827  -2.51989  -1.29237  -1.24565  0.243652  0.0265711  1.24562  -0.553254  1.30969  -1.59082  2.15851  -2.13794  -1.60022  1.0893  2.53547  0.288216  -0.517571  -4.75668  0.806116  -0.699857  -0.963524  -0.76156  -1.02659  
-1.36848  -2.0283  1.61584  0.667054  -0.395404  -1.67129  -0.967579  -1.98915  -0.730016  0.948069  -3.19139  -2.29371  1.12988  -2.95327  -0.829677  0.808764  -1.10471  -0.946438  0.00094036  -0.136847  -0.249226  0.920249  0.523367  -3.69333  0.811253  0.823348  
-2.93518  -3.68241  -2.60872  -5.69673  1.18532  -6.149  0.640128  2.54732  -0.457753  0.490074  -0.204199  1.68312  -0.416944  1.5499  -0.618642  -1.85421  -0.152247  -0.996598  1.06515  -2.03829  3.05997  -2.6583  0.946364  -0.874228  -1.0246  0.0457233  
-1.55525  0.55298  0.580719  0.765153  -0.74124  0.613518  -1.21676  -1.96179  -2.82208  -0.824202  -1.88032  0.384345  -2.63464  -3.00754  -1.00222  -0.86241  -1.5271  0.128166  -2.9884  -0.43782  -0.494501  -1.91537  1.13026  -0.321175  -2.76849  -0.103593  
-1.3688  -2.52538  2.37631  1.51028  -3.70563  -3.12633  0.471116  -4.489  -2.78189  -2.09016  -3.02272  -1.21528  -0.141527  1.59927  1.17528  0.723496  0.316289  -3.63002  -0.699286  3.08066  2.65502  1.55904  -1.51718  -0.727563  -1.34553  0.963281  
-1.35827  -1.37936  0.710698  0.825657  2.44556  1.464  -1.75737  -3.31979  0.641461  0.173478  -2.6725  -1.41554  -3.27062  -2.0752  0.0571321  0.901037  -0.722686  -1.99301  1.87585  1.11966  -0.975205  4.46605  -3.47298  -2.6261  2.02047  1.28599  
-2.43825  1.62251  -2.58955  -3.64949  0.217231  -1.31619  1.08282  -1.39601  -2.29066  -0.519132  -0.681977  0.768812  -0.976565  0.196372  -2.27935  0.848611  -3.70423  0.198299  2.62429  -0.490678  1.42075  -1.21122  -2.80584  0.580385  1.39609  -0.355942  
1.80568  -1.86483  -1.79697  -1.38428  -1.68061  -3.19641  -1.09792  -1.8269  -1.6079  2.21283  0.890919  -1.21214  -1.3871  -0.698498  1.70902  -1.16115  4.11538  -2.72589  1.88509  2.09994  1.08138  -0.273913  -0.310484  -3.09146  -0.80008  -2.92474  
0.426664  -2.18299  3.05777  -2.71724  -0.611619  1.543  0.463995  -1.08505  -1.07246  -3.3681  -2.08123  -0.243076  -0.139103  -0.462568  -0.850646  -1.42294  -0.358635  -1.92259  -1.6996  -0.186243  -0.481341  -0.208533  1.14699  0.389016  -1.66177  -0.434466  
1.18871  0.0980525  -0.0352609  -1.49369  -1.05259  -2.48035  -1.09339  -2.22857  -2.40071  -2.3151  2.14807  -2.49671  -0.977253  3.8736  -0.952845  -2.71012  -1.21903  -0.217261  1.60584  -0.74786  0.311961  -1.52874  -1.84167  3.25477  0.690472  -1.09595  
-1.59249  -0.0505393  -2.8981  -0.413423  -0.50229  1.09654  3.00582  1.381  1.47875  0.881376  -0.534665  1.78855  -2.25026  -0.281644  -1.10003  1.60738  -0.489071  1.2567  0.990017  1.24534  -1.3489  -1.24722  -2.92795  -1.61132  -1.72407  0.599817  
0.50665  2.21069  -0.929955  -0.00634078  -0.958248  1.43177  -1.76945  0.0826929  -0.0782055  -1.97626  2.70378  -3.7245  4.94094  -0.166966  -1.69976  -1.41904  -2.85057  -0.558803  -0.734747  -0.739728  -2.87355  -1.09388  -2.84708  -1.26998  1.36379  -2.26066  
-3.02427  -2.86886  0.879093  -0.357856  -1.28246  -0.21599  0.63911  -3.1748  2.25972  0.265647  -0.245064  0.842535  -1.24127  -0.0551424  -1.56543  -2.81  1.80504  -0.144942  -0.063327  1.1181  -2.38584  -3.77832  1.36428  1.57774  0.374322  -0.344715  
-1.06226  -1.12357  0.366646  -1.29481  -0.388889  -1.30572  -1.78079  2.32628  -2.75625  -1.9188  0.966497  -1.65458  1.24356  2.48691  -0.939328  -0.316527  0.845266  -1.07509  -0.863413  -3.50392  2.35211  -0.836157  0.455724  -3.21065  -2.72718  -3.33632  
-1.11509  -0.991664  -0.415069  2.44656  -1.52218  -2.62132  1.17855  -0.377732  0.224457  -2.50779  -1.85677  -0.785877  -0.935756  -2.23228  -1.89265  0.131281  -0.307178  0.59976  -1.74445  -0.45318  -0.496529  -0.136323  1.34108  0.894423  -0.49191  1.05283  
0.808773  0.835844  -1.58711  -0.0551916  -1.73563  0.364945  -0.656365  -1.41691  1.82626  -1.36289  -2.3714  -3.35075  1.10741  0.230602  1.52169  0.105688  -1.83059  -2.19944  -0.558437  -1.03649  -2.29148  -1.2999  -3.37084  0.224534  1.42207  -2.18881  
2.5395  -0.245038  -0.0325632  -0.802833  0.586293  1.60501  2.24984  -0.520594  -2.18056  -0.673948  0.790499  0.0275114  -1.64965  -1.30421  -1.30861  -0.409551  1.11156  2.48506  0.151958  0.413029  -0.683578  -1.88474  -2.78883  -0.794175  -1.29755  -0.607645  
-1.26849  1.41964  -0.793901  1.84817  1.68031  -0.386351  3.0447  0.948251  2.51334  -1.85424  -0.783503  -1.71119  -2.92877  -2.06579  1.33383  -3.25505  2.95356  -0.563189  2.17084  -0.95958  -2.57919  -1.1296  -2.25749  -0.218072  -3.74223  -1.33617  
1.199  -1.33518  -5.25649  1.47768  -4.42691  -1.79925  -4.33655  0.91786  -0.26081  0.763969  -2.95459  -2.33362  2.67646  -2.9587  -1.00599  1.2414  0.695584  2.44872  -2.36911  -2.02386  -0.795545  1.28733  -0.43331  0.873427  -3.79856  -0.192899  
0.110435  -0.0224577  -1.15537  -1.25933  -1.23624  -0.764559  -2.84329  -2.74829  -2.2027  -1.4268  -2.00308  -1.06154  -2.85263  -2.14459  -2.11052  -0.63329  -2.45343  -2.39864  -2.29031  -1.13601  0.687125  -0.965255  -1.51428  -1.81948  -2.12991  -0.660892  
-5.64548  -1.09612  -0.834879  -0.473632  2.70248  0.246543  0.235791  1.47767  -0.937194  1.70139  0.676329  0.834512  1.61433  -1.55643  4.59205  0.44545  -4.50606  -4.35059  -3.96051  -5.0209  -1.05525  -2.13752  -1.09286  -0.530316  1.55779  2.01561  
-0.467771  0.713491  1.77198  -1.07469  -0.673091  -1.16892  0.327398  1.19161  1.14743  1.39641  -0.549888  -0.775671  -2.03404  -1.41214  -3.92878  -5.14004  -0.695048  -0.873077  -1.05283  -1.82827  -2.38337  0.427708  2.77794  1.35376  -0.0164461  -0.206763  
-0.406305  1.50855  -1.50807  0.352364  -0.549256  1.02801  -1.10379  -2.72421  -3.61316  -2.43656  2.10675  -2.58949  0.810181  -2.56943  -0.369691  -0.819032  -2.55838  3.70579  -2.13617  1.44865  -0.404549  -0.307691  -1.21125  -0.160272  -0.253278  0.323764  
2.36336  -4.3843  -3.11311  -3.41063  -1.1581  1.4904  -6.12341  1.32716  2.72571  -3.28945  0.770219  0.874043  -0.446617  1.70466  -3.28794  1.76061  -3.63237  2.00337  -2.57365  0.682572  -1.88879  2.27279  1.46755  -2.30798  0.955465  -3.56231  
-1.28248  0.878588  -0.893009  -0.792752  3.1715  -1.38788  -2.1266  -2.07883  -2.11865  -1.01593  -2.02941  -0.116787  -1.49797  -0.0513548  0.046279  -3.5636  -2.95097  0.90464  2.00968  -0.943559  -1.36771  0.100511  -2.11945  1.05023  1.60764  0.725042  
1.6396  3.12994  0.0714841  1.81884  -2.11212  -0.938518  1.14301  1.03083  -1.7311  2.25241  -1.87851  -2.23584  -3.77819  -1.08293  -0.843096  -1.78175  -0.975394  -1.7655  -2.70049  -1.90482  -1.27675  -2.18357  -1.63935  -0.533089  -3.3117  -3.20649  
1.02951  -0.157617  -0.722886  -1.95088  -2.41874  -0.553839  -2.19704  -2.04805  0.586457  1.55872  2.77475  0.634579  -0.546268  -0.56358  -0.0506552  0.964913  0.267335  -0.132075  -0.255275  0.179237  -1.17241  -2.14346  -0.164416  2.29459  -0.636589  0.714892  
-2.17995  -0.746172  -0.0614745  -1.21371  0.641477  0.541595  0.0771605  -0.723237  -0.7933  -2.99611  1.59956  2.16003  -0.564455  -2.7307  2.60409  -1.1971  0.916346  -2.22022  -1.20659  -1.02875  0.918631  -0.218322  -1.92854  -2.60302  -2.70491  -2.64782  

